15.0590518
17.86364242
24.06339495
22.79742835
15.88033461
21.61154276
18.33821676
19.33275831
11.85838533
17.29291176
17.66654582
19.86089733
15.65871803
18.66262442
21.043054
16.01024683
15.38560587
21.04463652
22.27169949
17.00449735
16.21822099
18.10546797
16.03433025
21.22495749
17.83748535
20.63034349
13.00052878
23.36534868
18.21870915
21.73713488
18.28268301
19.02486252
15.25765816
18.18180186
23.28580427
16.646402
23.07055416
19.21111339
20.56227691
24.78587936
